,ID,hh,hd,ha,dh,dd,da,ah,ad,aa0,3000,0.292987513,0.047318048,0.014201178,0.173438236,0.165977885,0.098447946,0.023853737,0.047318048,0.1364574091,3001,0.227516242,0.049238266,0.017321554,0.147930193,0.178659453,0.126231649,0.020035147,0.049238266,0.183829232,3002,0.468826571,0.030648718,0.005153157,0.222756774,0.127648452,0.041602855,0.024023573,0.030648718,0.0486911823,3003,0.270092504,0.053356796,0.024020128,0.144874291,0.126246602,0.110870578,0.030571533,0.053356796,0.1866107724,3004,0.461942969,0.034757039,0.0073171,0.210299692,0.115952648,0.046884806,0.028705904,0.034757039,0.0593828035,3005,0.246008027,0.053726304,0.025282481,0.137084352,0.130012075,0.120293119,0.028447081,0.053726304,0.2054202566,3006,0.15999687,0.049949227,0.024916997,0.108370197,0.156980337,0.160242859,0.017439876,0.049949227,0.272154417,3007,0.221357451,0.05434193,0.028961821,0.124151632,0.123474072,0.129896176,0.027806367,0.05434193,0.235668628,3008,0.247308328,0.04656699,0.013724438,0.162808875,0.194147542,0.114743205,0.018949526,0.04656699,0.1551841059,3009,0.187445174,0.051854348,0.025092418,0.119401584,0.149748422,0.146331266,0.02085589,0.051854348,0.24741654910,3010,0.142044355,0.046714155,0.021286538,0.104674067,0.180898991,0.170664524,0.013580676,0.046714155,0.2734225411,3011,0.318500599,0.045778838,0.012837236,0.182302753,0.160853527,0.088714928,0.024822378,0.045778838,0.12041090412,3012,0.521789661,0.031586134,0.00703285,0.202871315,0.087158552,0.036581987,0.033014774,0.031586134,0.04837859413,3013,0.37104349,0.044469517,0.0126762,0.188439927,0.13320967,0.073486222,0.029840304,0.044469517,0.10236515414,3014,0.411246743,0.042600295,0.012239133,0.190619404,0.114863363,0.06307309,0.033286999,0.042600295,0.08947067915,3015,0.163672111,0.049380305,0.022870992,0.112950128,0.167334586,0.158645138,0.016760722,0.049380305,0.25900571416,3016,0.384446606,0.044451808,0.013150771,0.187224833,0.123734312,0.070403044,0.031909825,0.044451808,0.10022699217,3017,0.094606564,0.042876686,0.028715754,0.069959362,0.136357316,0.193805992,0.0113488,0.042876686,0.37945283918,3018,0.208615689,0.047633973,0.016066968,0.143741431,0.195875895,0.133746674,0.017170571,0.047633973,0.18951482719,3019,0.286969619,0.045472655,0.012365101,0.177531093,0.182142702,0.098402673,0.021283465,0.045472655,0.13036003720,3020,0.340171973,0.043804365,0.011322806,0.190579389,0.158666847,0.080449458,0.024952586,0.043804365,0.1062482121,3021,0.387903232,0.037374426,0.007450692,0.211109002,0.1587076,0.061963387,0.023021019,0.037374426,0.07509621722,3022,0.2980348,0.049437498,0.016857507,0.167029718,0.147652202,0.098767346,0.027193317,0.049437498,0.14559011523,3023,0.266476785,0.052984438,0.023033053,0.146223157,0.131810983,0.112210241,0.029258035,0.052984438,0.1850188724,3024,0.203723995,0.048621862,0.017595734,0.138752954,0.187181141,0.137145703,0.017785271,0.048621862,0.20057147825,3025,0.204966069,0.04851774,0.017382999,0.139654993,0.18811757,0.136427804,0.017760867,0.04851774,0.19865421926,3026,0.208212744,0.053774314,0.028238492,0.121497377,0.130078569,0.135894078,0.025523884,0.053774314,0.24300622927,3027,0.2892021,0.048280135,0.015279999,0.169613013,0.161185404,0.100718176,0.024606067,0.048280135,0.14283497128,3028,0.241430881,0.04788877,0.015247804,0.157175298,0.186012487,0.118738195,0.019734507,0.04788877,0.16588328829,3029,0.1020235,0.043794641,0.027157584,0.075796521,0.146013806,0.191269314,0.011663686,0.043794641,0.35848630630,3030,0.092319838,0.041085418,0.023826369,0.072906509,0.161793404,0.199829128,0.009436653,0.041085418,0.35771726331,3031,0.315680357,0.050188215,0.0184185,0.165578976,0.131391302,0.093613992,0.030860889,0.050188215,0.14407955332,3032,0.359508181,0.036118561,0.00647623,0.213313015,0.18657642,0.06611664,0.019176298,0.036118561,0.07659609533,3033,0.211868857,0.05190757,0.022639299,0.132221938,0.154349975,0.134978793,0.022217933,0.05190757,0.21790806534,3034,0.513934409,0.027408669,0.004408819,0.222011794,0.107602083,0.033311092,0.024971819,0.027408669,0.03894264635,3035,0.266910785,0.050108124,0.017693515,0.158387126,0.158040088,0.110487164,0.024576172,0.050108124,0.16368890336,3036,0.27680168,0.050217645,0.017827682,0.160327224,0.152608289,0.106859409,0.025798707,0.050217645,0.15934171837,3037,0.19134984,0.048168815,0.017768872,0.133414797,0.190925369,0.143210648,0.016646894,0.048168815,0.2103459538,3038,0.150557819,0.04683065,0.020038578,0.110792813,0.187646601,0.165698598,0.013833493,0.04683065,0.25777079839,3039,0.248786686,0.049109299,0.0165692,0.156267163,0.173499463,0.116850009,0.021626998,0.049109299,0.16818188340,3040,0.401316101,0.040467342,0.009857086,0.200494139,0.133405981,0.062887022,0.028372614,0.040467342,0.08273237341,3041,0.157197528,0.049079044,0.023351229,0.109291556,0.165962426,0.162052408,0.016286002,0.049079044,0.26770076342,3042,0.227123696,0.053466754,0.025412121,0.131907467,0.136037335,0.128174888,0.026080588,0.053466754,0.21833039743,3043,0.314550681,0.045866731,0.012877282,0.18151973,0.162798964,0.089993693,0.024485894,0.045866731,0.12204029444,3044,0.144220487,0.050855453,0.035706419,0.088116673,0.113092481,0.16157187,0.020707858,0.050855453,0.33487330645,3045,0.242019646,0.051367797,0.020109822,0.146437194,0.155893839,0.12140647,0.023855159,0.051367797,0.18754227646,3046,0.285526571,0.051165529,0.019417909,0.158207812,0.140362201,0.104367586,0.028319431,0.051165529,0.16146743147,3047,0.419441785,0.036346563,0.007356311,0.212314327,0.140004459,0.055074103,0.025336248,0.036346563,0.06777964148,3048,0.303811792,0.050140712,0.018013325,0.164932255,0.138877314,0.097401591,0.029048823,0.050140712,0.14763347749,3049,0.213599321,0.050877626,0.020513283,0.136749813,0.165156358,0.133839198,0.020920476,0.050877626,0.20746629850,3050,0.156716741,0.050047677,0.025937607,0.10550156,0.152354313,0.161658059,0.01758293,0.050047677,0.28015343751,3051,0.340003696,0.048841231,0.017149301,0.171793531,0.125978075,0.085378576,0.032271482,0.048841231,0.12974287952,3052,0.273129153,0.052844226,0.022728209,0.148226436,0.130470849,0.109656611,0.029839291,0.052844226,0.18026099953,3053,0.344373315,0.046784071,0.014458181,0.180407947,0.137317658,0.082424854,0.029465295,0.046784071,0.11798460854,3054,0.273499516,0.050983257,0.019032202,0.156689885,0.147735833,0.108638305,0.026552836,0.050983257,0.16588490855,3055,0.192794809,0.050792645,0.02200596,0.126484574,0.164154131,0.143869417,0.019563695,0.050792645,0.22954212456,3056,0.508020151,0.032000996,0.006837566,0.20670999,0.094857189,0.038450367,0.031358893,0.032000996,0.04976385357,3057,0.26464417,0.047203495,0.014143619,0.166808821,0.181678762,0.10853239,0.020996489,0.047203495,0.14878875958,3058,0.225927406,0.054211296,0.02798742,0.127045651,0.125843246,0.128212687,0.027757796,0.054211296,0.22880320359,3059,0.089947082,0.042919379,0.036644773,0.060678081,0.102742716,0.185572383,0.013398818,0.042919379,0.42517738860,3060,0.082387811,0.040363713,0.028223434,0.06278487,0.133965477,0.20086411,0.009771707,0.040363713,0.40127516561,3061,0.465507744,0.034529278,0.007262555,0.210252375,0.114362522,0.046162229,0.028877278,0.034529278,0.05851674162,3062,0.180758126,0.052776868,0.029413127,0.110444503,0.132099214,0.148185709,0.022550968,0.052776868,0.27099461763,3063,0.250428009,0.050746918,0.018871777,0.151441356,0.159003949,0.117512413,0.023785116,0.050746918,0.17746354464,3064,0.255350595,0.0524943,0.021991147,0.145932664,0.140958753,0.116436817,0.026986308,0.0524943,0.18735511565,3065,0.147966447,0.050330635,0.029719742,0.096726672,0.135912541,0.164348041,0.018381924,0.050330635,0.30628336166,3066,0.253463749,0.049417027,0.016888674,0.156836359,0.169232148,0.115208789,0.022398473,0.049417027,0.16713775467,3067,0.179550294,0.051433313,0.025182979,0.116212868,0.151358613,0.150185667,0.019941779,0.051433313,0.25470117568,3068,0.337303726,0.048441717,0.01642907,0.173653779,0.130705037,0.085830027,0.03110759,0.048441717,0.12808733669,3069,0.123739266,0.04815017,0.032739448,0.081977068,0.123874524,0.174418766,0.01654462,0.04815017,0.35040596770,3070,0.201466358,0.053302138,0.027453638,0.120604519,0.135201547,0.139183408,0.024117103,0.053302138,0.24536915171,3071,0.23327522,0.050881618,0.019567114,0.145015718,0.162565945,0.124887972,0.022427268,0.050881618,0.19049752872,3072,0.073766958,0.039074904,0.032958641,0.05375559,0.10871157,0.197716562,0.010140589,0.039074904,0.44480028373,3073,0.22730439,0.053754422,0.026274504,0.130413628,0.132310738,0.127981244,0.026725151,0.053754422,0.22148150174,3074,0.171667565,0.049953696,0.022857576,0.116498708,0.165512098,0.154463703,0.017661746,0.049953696,0.25143121375,3075,0.225366858,0.051011419,0.02011436,0.141432514,0.16276268,0.128484336,0.021957205,0.051011419,0.19785920976,3076,0.225669959,0.053201179,0.024763878,0.132666616,0.139387171,0.128859167,0.025425652,0.053201179,0.21682519877,3077,0.143433802,0.049294062,0.027433129,0.097454224,0.146700613,0.16805988,0.016708052,0.049294062,0.30162217778,3078,0.256531656,0.050928861,0.019060309,0.152619,0.155237962,0.115162975,0.024635779,0.050928861,0.17489459779,3079,0.292149691,0.048671159,0.015776997,0.16884813,0.156688939,0.100079411,0.025431876,0.048671159,0.14368263980,3080,0.254094066,0.049002016,0.016339982,0.158325851,0.172367061,0.114571213,0.021976979,0.049002016,0.16432081781,3081,0.393618224,0.036557665,0.007059343,0.213353507,0.158355942,0.059881536,0.022742348,0.036557665,0.0718737782,3082,0.376843309,0.046585285,0.015567258,0.178749209,0.115826421,0.07402173,0.03448971,0.046585285,0.11133179383,3083,0.380632109,0.041802876,0.010429866,0.197505302,0.141393785,0.068563779,0.027406459,0.041802876,0.09046294884,3084,0.324186881,0.046693403,0.013873249,0.17986955,0.151238035,0.088002165,0.026639279,0.046693403,0.12280403485,3085,0.129333394,0.047204345,0.025711826,0.092504306,0.156117999,0.176715374,0.014233811,0.047204345,0.310974686,3086,0.372869954,0.036713102,0.006898728,0.212698329,0.173340307,0.064119476,0.020886723,0.036713102,0.07576027787,3087,0.297758708,0.050074625,0.01779348,0.164505466,0.142847948,0.09936903,0.028128466,0.050074625,0.14944765388,3088,0.093145568,0.04010955,0.021041624,0.076033855,0.180099902,0.201104017,0.008573846,0.04010955,0.33978208789,3089,0.352426654,0.046913343,0.014889179,0.17971941,0.130967931,0.080403312,0.030880696,0.046913343,0.11688613390,3090,0.250011087,0.04449551,0.011793848,0.168814828,0.208428172,0.110964279,0.017391822,0.04449551,0.14360494491,3091,0.263637036,0.054102541,0.026284059,0.139004125,0.119748063,0.11321041,0.031610354,0.054102541,0.19830087192,3092,0.483017804,0.035449852,0.008536915,0.201272809,0.09803398,0.044729595,0.033243361,0.035449852,0.06026583293,3093,0.128486244,0.047161258,0.025885004,0.091860086,0.155217207,0.177103218,0.014211816,0.047161258,0.31291390894,3094,0.292064126,0.047798473,0.014731125,0.171735635,0.163089405,0.099257578,0.024325597,0.047798473,0.13919958895,3095,0.149306731,0.048788506,0.024312572,0.104249328,0.161965046,0.166136993,0.015879424,0.048788506,0.28057289296,3096,0.136982853,0.047245117,0.023541546,0.099111225,0.167728122,0.173230203,0.01411384,0.047245117,0.29080197797,3097,0.051862694,0.032747436,0.032044572,0.039588536,0.094552404,0.205043504,0.007236033,0.032747436,0.50417738598,3098,0.288093788,0.052407524,0.021963853,0.152667892,0.127631,0.104058273,0.031042965,0.052407524,0.16972718299,3099,0.298304485,0.044918335,0.011889683,0.181553585,0.179092101,0.093968244,0.021792792,0.044918335,0.123562441100,3100,0.338394948,0.042440984,0.010188453,0.194527882,0.167881827,0.079318407,0.023237806,0.042440984,0.101568711101,3101,0.373484149,0.04694742,0.015919512,0.177519896,0.115827203,0.075120575,0.034581227,0.04694742,0.113652598102,3102,0.330667503,0.048052656,0.015666262,0.175210937,0.137831366,0.087402568,0.029463846,0.048052656,0.127652207103,3103,0.219153344,0.051839089,0.0219985,0.135790331,0.155024622,0.131640454,0.02262914,0.051839089,0.210085432104,3104,0.138857045,0.048916168,0.027774168,0.094853417,0.145408023,0.170328339,0.016305518,0.048916168,0.308641153105,3105,0.434550114,0.037321924,0.008349939,0.206843431,0.124428755,0.053654951,0.028563924,0.037321924,0.06896504106,3106,0.221447444,0.052970777,0.024440144,0.132008037,0.142302003,0.130717347,0.024658831,0.052970777,0.21848464107,3107,0.406364338,0.038397044,0.008424573,0.207021907,0.140012297,0.059676183,0.026294894,0.038397044,0.075411721108,3108,0.250463273,0.049046037,0.016456888,0.157017154,0.173400872,0.116097174,0.021703136,0.049046037,0.166769429109,3109,0.387823324,0.037232854,0.007366613,0.211516646,0.159459308,0.061806129,0.022862438,0.037232854,0.074699835110,3110,0.332135651,0.040861955,0.009002652,0.198170368,0.181338956,0.07897308,0.02104238,0.040861955,0.097613003111,3111,0.240763516,0.050546029,0.018786753,0.148910433,0.163778909,0.12142026,0.022636937,0.050546029,0.182611134112,3112,0.323708314,0.043902316,0.011195186,0.188652707,0.169221078,0.085063423,0.023268237,0.043902316,0.111086423113,3113,0.183950838,0.052076047,0.02626891,0.116263858,0.14507469,0.147774063,0.021129093,0.052076047,0.255386454114,3114,0.314009432,0.050296724,0.018549618,0.165008469,0.131545813,0.09421581,0.030804148,0.050296724,0.145273261115,3115,0.244008984,0.050455266,0.018560615,0.150345636,0.163640746,0.11997635,0.02280927,0.050455266,0.179747866116,3116,0.15352571,0.048906678,0.023678073,0.107115361,0.164797508,0.163983695,0.016039291,0.048906678,0.273047006117,3117,0.214876704,0.048005209,0.016236626,0.14577663,0.191804572,0.131028103,0.017912283,0.048005209,0.186354666118,3118,0.239201565,0.054186365,0.027038203,0.132151651,0.1252922,0.122847711,0.028876062,0.054186365,0.216219878119,3119,0.464654246,0.036217724,0.008456495,0.203977695,0.107690889,0.047973316,0.031420852,0.036217724,0.063391061120,3120,0.181093088,0.05127833,0.024535864,0.117815536,0.154190282,0.149533561,0.01974724,0.05127833,0.250527769121,3121,0.203845416,0.049108803,0.018277557,0.137476146,0.182584155,0.137476146,0.018277557,0.049108803,0.203845416122,3122,0.259240116,0.046631886,0.013616471,0.166700609,0.188455204,0.109978849,0.019971313,0.046631886,0.148773666123,3123,0.372745874,0.046227822,0.014845634,0.181004334,0.121144549,0.074706055,0.033048939,0.046227822,0.11004897124,3124,0.223709748,0.048606428,0.016632571,0.148118395,0.184981161,0.127409647,0.019101953,0.048606428,0.18283367125,3125,0.186575697,0.049939975,0.020998217,0.125733858,0.171915718,0.146779871,0.018223688,0.049939975,0.229893003126,3126,0.27878103,0.045494724,0.0124004,0.17542229,0.186620237,0.101285948,0.020566968,0.045494724,0.133933679127,3127,0.039586648,0.028193106,0.030858931,0.031119852,0.083431849,0.206724775,0.00556856,0.028193106,0.546323174128,3128,0.235912257,0.043626988,0.01132258,0.165218065,0.221050135,0.115716131,0.015758384,0.043626988,0.147768472129,3129,0.318735142,0.044702178,0.011834364,0.185639862,0.16754924,0.087434244,0.023616479,0.044702178,0.115786314130,3130,0.211716485,0.051174833,0.021177628,0.13485158,0.162158949,0.13485158,0.021177628,0.051174833,0.211716485131,3131,0.179764259,0.052905875,0.030263711,0.108876984,0.128874346,0.148257658,0.022902822,0.052905875,0.275248471132,3132,0.345828567,0.043400877,0.011066981,0.192196494,0.157138858,0.078523709,0.025127472,0.043400877,0.103316166133,3133,0.248042791,0.050581034,0.018660663,0.151260331,0.161260118,0.118379521,0.023339996,0.050581034,0.177894512134,3134,0.240170381,0.052570409,0.022530042,0.140967452,0.14441498,0.122671396,0.025559321,0.052570409,0.19854561135,3135,0.104754481,0.044889886,0.029963954,0.074723484,0.133165705,0.187040485,0.013014658,0.044889886,0.36755746136,3136,0.302638797,0.052691556,0.023261748,0.151881823,0.116460592,0.099052995,0.034156454,0.052691556,0.167164478137,3137,0.321728243,0.04754619,0.014807247,0.176644678,0.147074525,0.089565144,0.027491891,0.04754619,0.127595893138,3138,0.243231513,0.049683977,0.017456727,0.152586281,0.170577842,0.119695966,0.021801733,0.049683977,0.175281983139,3139,0.45767389,0.039577578,0.011308259,0.19134341,0.096834519,0.052161199,0.036433181,0.039577578,0.075090386140,3140,0.266003883,0.049160456,0.016403031,0.161334044,0.166087801,0.110016755,0.023282197,0.049160456,0.158551376141,3141,0.314709479,0.050557747,0.019036615,0.163818326,0.128977488,0.094163815,0.031405718,0.050557747,0.146773065142,3142,0.191241527,0.04856047,0.018336481,0.132326313,0.187083369,0.143573738,0.01701124,0.04856047,0.213306393143,3143,0.258398781,0.050937373,0.019048983,0.153116759,0.154463154,0.114424363,0.024838064,0.050937373,0.173835151144,3144,0.435634036,0.041293914,0.012007311,0.190377908,0.104060208,0.057356694,0.035421046,0.041293914,0.082554969145,3145,0.249052343,0.050869805,0.019096507,0.150569489,0.158367351,0.11816248,0.023820443,0.050869805,0.179191775146,3146,0.195848593,0.053343705,0.028503577,0.117092957,0.132313333,0.141440831,0.024031053,0.053343705,0.254082246147,3147,0.079779523,0.04028973,0.031142521,0.058871549,0.119406852,0.198083035,0.010351787,0.04028973,0.421785274148,3148,0.355319477,0.048819455,0.017929045,0.170614839,0.115456284,0.081145712,0.03501626,0.048819455,0.126879475149,3149,0.22602304,0.051584979,0.021120724,0.139646762,0.157013807,0.128464878,0.022789746,0.051584979,0.201771085150,3150,0.130138407,0.047985816,0.027972312,0.090318374,0.144754611,0.174933391,0.015325513,0.047985816,0.32058576151,3151,0.149659681,0.048197746,0.022851488,0.106393204,0.170158801,0.166239286,0.015181956,0.048197746,0.273120092152,3152,0.216570331,0.053154765,0.025315857,0.128972798,0.139959529,0.132792984,0.024655227,0.053154765,0.225423744153,3153,0.353279696,0.047507185,0.01572625,0.177134488,0.126380139,0.080691324,0.032042068,0.047507185,0.119731666154,3154,0.348634399,0.038375631,0.00759877,0.206578157,0.183045648,0.07160234,0.020241258,0.038375631,0.085548166155,3155,0.273407009,0.047531288,0.014432454,0.16831748,0.174968571,0.105589015,0.022139966,0.047531288,0.146082929156,3156,0.280887566,0.047317426,0.014180482,0.170822548,0.17264812,0.102642773,0.022626122,0.047317426,0.141557538157,3157,0.373715204,0.047166306,0.016275226,0.176391554,0.114148463,0.075234507,0.035081397,0.047166306,0.114821037158,3158,0.329417946,0.043529623,0.010947447,0.19042851,0.167639463,0.083026212,0.023464293,0.043529623,0.108016884159,3159,0.471249031,0.03621386,0.008699541,0.201987539,0.103010247,0.047043547,0.032531394,0.03621386,0.063050981160,3160,0.197055902,0.051455947,0.02296619,0.126453463,0.157623204,0.141878616,0.020678851,0.051455947,0.230431879161,3161,0.306077311,0.048667372,0.015929846,0.170964242,0.148755288,0.095456142,0.027086194,0.048667372,0.138396233162,3162,0.325725679,0.045187122,0.012361662,0.184986545,0.159931885,0.08596215,0.0249366,0.045187122,0.115721234163,3163,0.220288035,0.050096591,0.01886091,0.142278911,0.172158048,0.13024298,0.020450812,0.050096591,0.195527121164,3164,0.214409343,0.05145298,0.021530881,0.1351084,0.159244037,0.133694963,0.021738358,0.05145298,0.21136806165,3165,0.157633071,0.051809219,0.033070698,0.09671463,0.121535854,0.157229907,0.021345287,0.051809219,0.308852116166,3166,0.425385107,0.039887326,0.010120174,0.198962932,0.118809805,0.057830311,0.031071263,0.039887326,0.078045757167,3167,0.247308328,0.04656699,0.013724438,0.162808875,0.194147542,0.114743205,0.018949526,0.04656699,0.155184105168,3168,0.197612327,0.051274338,0.022520471,0.127419703,0.159798376,0.141596941,0.020454362,0.051274338,0.228049144169,3169,0.336649283,0.050019896,0.019048671,0.166146919,0.119079203,0.087148557,0.034073553,0.050019896,0.137814021170,3170,0.434449886,0.029733024,0.004333542,0.230179972,0.157214412,0.044925914,0.019653635,0.029733024,0.049776593171,3171,0.467067146,0.030452545,0.005033505,0.223720522,0.129699188,0.041599465,0.023589103,0.030452545,0.048385982172,3172,0.49106078,0.031388934,0.005974724,0.214780029,0.108914674,0.039760298,0.027783773,0.031388934,0.048947854173,3173,0.377830343,0.045617038,0.014280183,0.183079047,0.121385525,0.072970449,0.032823914,0.045617038,0.106396462174,3174,0.293481536,0.043467413,0.010693831,0.184350955,0.191475251,0.093700619,0.019974673,0.043467413,0.119388308175,3175,0.105444403,0.043426702,0.024230995,0.080695436,0.162669663,0.191541039,0.010964511,0.043426702,0.337600549176,3176,0.38329392,0.039841398,0.008971805,0.203803829,0.149772952,0.065809958,0.025283422,0.039841398,0.083381318177,3177,0.382535221,0.046780642,0.016226278,0.176708763,0.110295042,0.072824076,0.036040044,0.046780642,0.111809292178,3178,0.300008928,0.048628728,0.015797117,0.170281043,0.152575762,0.097399853,0.026290526,0.048628728,0.140389316179,3179,0.336744044,0.046985823,0.014485541,0.179531192,0.141099398,0.084704798,0.028690765,0.046985823,0.120772617180,3180,0.238044826,0.052827649,0.023194173,0.139084916,0.142096333,0.123609423,0.025812218,0.052827649,0.202502813181,3181,0.146701165,0.048591543,0.024433599,0.102833841,0.161663126,0.167531394,0.015640044,0.048591543,0.284013745182,3182,0.428942794,0.035326432,0.006925522,0.214435663,0.137561303,0.052375594,0.025208355,0.035326432,0.063897905183,3183,0.274433153,0.046283842,0.013152924,0.172128823,0.183445098,0.103803121,0.020946859,0.046283842,0.13952234184,3184,0.376049925,0.043513714,0.01185802,0.191704866,0.135200443,0.071375314,0.029149074,0.043513714,0.09763493185,3185,0.212721198,0.049357084,0.018135104,0.141076082,0.17986464,0.133288455,0.019105181,0.049357084,0.197095171186,3186,0.37149963,0.044952588,0.013220348,0.186520959,0.129997605,0.07384668,0.030660496,0.044952588,0.104349106187,3187,0.219796657,0.048468448,0.016609425,0.146784373,0.186936784,0.129117716,0.018688372,0.048468448,0.185129778188,3188,0.241201621,0.053136117,0.023826228,0.138691059,0.138033083,0.122316549,0.026696383,0.053136117,0.202962843189,3189,0.288359917,0.051983312,0.021035991,0.154864258,0.13156691,0.103798711,0.030203126,0.051983312,0.166204464190,3190,0.245710571,0.054207336,0.026861277,0.134036998,0.123793312,0.120216566,0.029626113,0.054207336,0.21134049191,3191,0.201892291,0.052949383,0.026249681,0.122687598,0.140309618,0.139281962,0.023399377,0.052949383,0.240280706192,3192,0.357219511,0.048826102,0.018065227,0.170316268,0.114030003,0.0806413,0.035411608,0.048826102,0.126663879193,3193,0.372531845,0.047767398,0.017205568,0.17345784,0.110726965,0.075968798,0.036163614,0.047767398,0.118410572194,3194,0.101253685,0.042504015,0.023533754,0.078830693,0.166003357,0.194540473,0.010263438,0.042504015,0.340566569195,3195,0.445859699,0.034660391,0.006870145,0.214021728,0.128013056,0.049068444,0.026418015,0.034660391,0.060428132196,3196,0.258245659,0.049124307,0.016436868,0.15922952,0.16971157,0.113018001,0.022497513,0.049124307,0.162612255197,3197,0.270633739,0.048737081,0.015839118,0.163915238,0.167257259,0.107856543,0.023233078,0.048737081,0.153790861198,3198,0.192691559,0.0497356,0.020069063,0.129803465,0.17544998,0.143549712,0.018300335,0.0497356,0.220664686199,3199,0.215549517,0.050142911,0.019171874,0.140024252,0.172229696,0.132500015,0.020166386,0.050142911,0.200072437200,3200,0.275298164,0.04970829,0.01709367,0.161823573,0.157435844,0.106999093,0.024932459,0.04970829,0.157000618201,3201,0.344066711,0.047834821,0.015814827,0.176132419,0.130442253,0.083442143,0.03112364,0.047834821,0.123308364202,3202,0.094163964,0.042570664,0.027725192,0.070564977,0.141044608,0.195117983,0.010959551,0.042570664,0.375282395203,3203,0.196752256,0.051388443,0.022849716,0.12653966,0.158331125,0.142020418,0.020567521,0.051388443,0.230162417204,3204,0.229328861,0.054476814,0.028803475,0.126547358,0.121686985,0.126547358,0.028803475,0.054476814,0.229328861205,3205,0.35910715,0.044359597,0.012218652,0.189301166,0.142264085,0.076238852,0.027998862,0.044359597,0.104152039206,3206,0.269914821,0.048471181,0.015520611,0.164560424,0.169637562,0.107866951,0.022852467,0.048471181,0.152704801207,3207,0.28605924,0.050728307,0.018677832,0.160122271,0.143804649,0.103891552,0.027667844,0.050728307,0.158319999208,3208,0.27680168,0.050217645,0.017827682,0.160327224,0.152608289,0.106859409,0.025798707,0.050217645,0.159341718209,3209,0.26199378,0.045291993,0.012331741,0.171027782,0.196895346,0.107255071,0.018972187,0.045291993,0.140940107210,3210,0.100479292,0.044829626,0.034967135,0.067865409,0.111872978,0.183314771,0.014268095,0.044829626,0.397573069211,3211,0.390484972,0.041942366,0.010813547,0.196305333,0.133528097,0.066619901,0.028938458,0.041942366,0.089424961212,3212,0.145303588,0.048856183,0.025502229,0.100773187,0.156145651,0.167934566,0.016001723,0.048856183,0.29062669213,3213,0.361722758,0.043041923,0.011058259,0.193805735,0.148059282,0.07420268,0.026595524,0.043041923,0.098471917214,3214,0.091647791,0.042319214,0.0286892,0.068192006,0.135512504,0.195421733,0.010992096,0.042319214,0.38490624215,3215,0.103094003,0.044081532,0.027579613,0.076023931,0.144117769,0.190280365,0.011941119,0.044081532,0.358800135216,3216,0.336996422,0.047138677,0.014677327,0.178955895,0.139914997,0.084777803,0.028954073,0.047138677,0.121446131217,3217,0.073538321,0.039188599,0.036337486,0.051280862,0.096293168,0.191991361,0.011072186,0.039188599,0.461109418218,3218,0.430521973,0.041431998,0.011887755,0.191200398,0.107085342,0.058388426,0.034685749,0.041431998,0.083366361219,3219,0.087658085,0.039723264,0.022466861,0.071063624,0.168582991,0.203781479,0.008515422,0.039723264,0.358485011220,3220,0.409400244,0.042401579,0.011938985,0.191842097,0.117310477,0.063249437,0.032611333,0.042401579,0.08884427221,3221,0.247067787,0.051307286,0.019872389,0.148336583,0.155015095,0.119258264,0.024242098,0.051307286,0.18359321222,3222,0.305210281,0.046352144,0.013270171,0.178621445,0.165398944,0.093414869,0.024033213,0.046352144,0.12734679223,3223,0.076233056,0.039402317,0.030587337,0.057029023,0.119896123,0.200497451,0.009760281,0.039402317,0.427192094224,3224,0.274575648,0.0531561,0.023533596,0.146768399,0.126502038,0.109167429,0.030732898,0.0531561,0.182407791225,3225,0.265864509,0.046899074,0.013818554,0.168014408,0.183342014,0.107719664,0.020798019,0.046899074,0.146644685226,3226,0.1341783,0.04924986,0.031563048,0.088256037,0.12886853,0.170124031,0.017428991,0.04924986,0.331081342227,3227,0.213359138,0.049985745,0.019043991,0.139504179,0.173896039,0.133438684,0.019835508,0.049985745,0.20095097228,3228,0.251173173,0.049873426,0.017552784,0.154644368,0.166282888,0.116538286,0.022735216,0.049873426,0.171326433229,3229,0.398426253,0.042624917,0.01172707,0.192770241,0.124068107,0.065666013,0.031166309,0.042624917,0.090926174230,3230,0.218036144,0.051578943,0.021547235,0.136278757,0.157807348,0.132069097,0.022172376,0.051578943,0.208931157231,3231,0.191185943,0.049712659,0.020160425,0.12904027,0.175414243,0.144312109,0.018195986,0.049712659,0.222265706232,3232,0.22813493,0.054114314,0.027444574,0.128579848,0.12728599,0.127401783,0.027673244,0.054114314,0.225251004233,3233,0.218357177,0.053920314,0.027592037,0.125599183,0.129726524,0.131582708,0.026457278,0.053920314,0.232844464234,3234,0.331436107,0.048455623,0.016244426,0.17358292,0.134477882,0.087524366,0.03022993,0.048455623,0.129593122235,3235,0.103771079,0.044558286,0.029132283,0.074947062,0.136768365,0.188414396,0.012589336,0.044558286,0.365260906236,3236,0.249420833,0.050453928,0.01843649,0.152142775,0.161917173,0.117716515,0.023302906,0.050453928,0.176155451237,3237,0.446667324,0.038609683,0.009790195,0.199172787,0.109608993,0.053009119,0.032468242,0.038609683,0.072063975238,3238,0.340064504,0.049825308,0.018871032,0.166917226,0.118311466,0.086039307,0.034287215,0.049825308,0.135858634239,3239,0.200398824,0.048111145,0.017102688,0.138399972,0.191974742,0.138399972,0.017102688,0.048111145,0.200398824240,3240,0.114442307,0.046173136,0.028982634,0.081025315,0.13918135,0.182746207,0.013828673,0.046173136,0.347447242241,3241,0.331753077,0.043704545,0.011120162,0.190160085,0.165006715,0.082592122,0.023904789,0.043704545,0.108053961242,3242,0.329198771,0.044777167,0.012027883,0.186623388,0.160190173,0.084524862,0.024846358,0.044777167,0.113034232243,3243,0.216210139,0.053800355,0.027380558,0.125327251,0.131235729,0.132576264,0.026025145,0.053800355,0.233644204244,3244,0.308491674,0.046977496,0.013954461,0.1771318,0.159182055,0.093047412,0.025140814,0.046977496,0.129096792245,3245,0.270433391,0.044499671,0.011585136,0.175613549,0.198070207,0.103042012,0.018959266,0.044499671,0.133297095246,3246,0.307269559,0.047372684,0.0143767,0.175653677,0.157218245,0.093837457,0.025494646,0.047372684,0.131404349247,3247,0.058986514,0.034357171,0.026951101,0.047685419,0.123949723,0.213653026,0.006848381,0.034357171,0.453211493248,3248,0.324041552,0.050407854,0.019142064,0.164660974,0.12430422,0.091158565,0.032643832,0.050407854,0.143233083249,3249,0.285951168,0.048574059,0.015623902,0.167991087,0.160768588,0.102134219,0.024620296,0.048574059,0.145762622250,3250,0.418179745,0.040597874,0.010502054,0.197548373,0.120463408,0.059832927,0.031061598,0.040597874,0.081216148251,3251,0.460197961,0.034755263,0.007269534,0.210724093,0.117213282,0.047125058,0.02845611,0.034755263,0.059503435252,3252,0.189204151,0.049917537,0.020699637,0.127306852,0.172831376,0.145420361,0.018325208,0.049917537,0.226377341253,3253,0.390656378,0.045431562,0.014698494,0.181840424,0.113209296,0.069886273,0.034828568,0.045431562,0.104017442254,3254,0.327889618,0.046495893,0.013725596,0.18084914,0.150139504,0.086729541,0.026838041,0.046495893,0.120836774255,3255,0.32018345,0.048753204,0.016335803,0.171934591,0.13953584,0.09111677,0.029081672,0.048753204,0.134305467256,3256,0.521186915,0.026550665,0.004151065,0.222695457,0.105593582,0.031768577,0.024628871,0.026550665,0.036874202257,3257,0.300771046,0.045121485,0.012077923,0.181472975,0.17625112,0.093420432,0.022237746,0.045121485,0.123525788258,3258,0.235706508,0.053017633,0.023749282,0.137377543,0.14040721,0.124607575,0.02594429,0.053017633,0.206172325259,3259,0.22968811,0.053899077,0.026583782,0.130514795,0.13025132,0.126912883,0.027263793,0.053899077,0.220987163260,3260,0.297288282,0.050597854,0.018626586,0.162277804,0.138880837,0.099906135,0.028921071,0.050597854,0.152903578261,3261,0.212212044,0.052594278,0.024202015,0.129550557,0.146525238,0.134837532,0.023338779,0.052594278,0.224145281262,3262,0.257731899,0.048948884,0.01622071,0.159619131,0.171327773,0.113057727,0.022247725,0.048948884,0.161897265263,3263,0.307647667,0.05011015,0.018054322,0.165416322,0.136874228,0.096125785,0.02953486,0.05011015,0.146126515264,3264,0.474934683,0.037526427,0.010074328,0.19480736,0.094385421,0.047746698,0.035748964,0.037526427,0.067249692265,3265,0.277324472,0.052530299,0.022040201,0.150554046,0.131753384,0.10800683,0.029756404,0.052530299,0.175504065266,3266,0.354170511,0.04354549,0.01134506,0.192054528,0.1504837,0.076586996,0.026295866,0.04354549,0.101972359267,3267,0.298694927,0.048062668,0.015085559,0.172038509,0.157430159,0.097297916,0.025388794,0.048062668,0.1379388268,3268,0.409034707,0.040945429,0.010499411,0.19773875,0.125329707,0.061893929,0.030184416,0.040945429,0.083428222269,3269,0.157841519,0.048990073,0.023031236,0.110044775,0.167648327,0.161746332,0.016189345,0.048990073,0.265518319270,3270,0.062937922,0.033577958,0.020405377,0.054922319,0.166977643,0.221445864,0.005621732,0.033577958,0.400533229271,3271,0.201720704,0.050915615,0.021433038,0.130833678,0.164341125,0.139531735,0.020209272,0.050915615,0.220099217272,3272,0.143266523,0.049550883,0.028422171,0.096164571,0.14208003,0.167595141,0.017158339,0.049550883,0.306211459273,3273,0.232935884,0.050314294,0.018675747,0.14678398,0.167861431,0.12465762,0.021685767,0.050314294,0.186770983274,3274,0.412260262,0.038797334,0.008845716,0.205053242,0.133739577,0.059041708,0.027570372,0.038797334,0.075894455275,3275,0.227904891,0.054475944,0.028919347,0.125979689,0.121685817,0.127114728,0.028686984,0.054475944,0.230756655276,3276,0.38430745,0.038226093,0.00791448,0.208676314,0.157192372,0.063702078,0.02356086,0.038226093,0.078194261277,3277,0.366648343,0.041847516,0.010163234,0.197698881,0.151210045,0.071723329,0.025716847,0.041847516,0.09314429278,3278,0.291273069,0.046535726,0.013380013,0.175469342,0.172403883,0.098176509,0.022797566,0.046535726,0.133428165279,3279,0.397689979,0.040968341,0.010172914,0.199099397,0.133458345,0.064131242,0.028570269,0.040968341,0.084941172280,3280,0.331077223,0.04717812,0.014572722,0.178595166,0.143549136,0.086485823,0.028198996,0.04717812,0.123164694281,3281,0.373123691,0.046599773,0.015383757,0.179243267,0.118431579,0.074927549,0.033821059,0.046599773,0.111869552282,3282,0.287720693,0.050640676,0.018551957,0.160752294,0.143676507,0.103243102,0.02773707,0.050640676,0.157037026283,3283,0.114535806,0.045180199,0.025399097,0.084795986,0.157271944,0.185400849,0.012415062,0.045180199,0.329820856284,3284,0.299560945,0.049260448,0.016631084,0.167910567,0.148133631,0.09810827,0.027124908,0.049260448,0.1440097285,3285,0.185558612,0.048189572,0.018239846,0.130097419,0.189826902,0.146352396,0.016366795,0.048189572,0.217178886286,3286,0.283084736,0.052993606,0.023279996,0.148857779,0.124179637,0.10600556,0.031611707,0.052993606,0.176993373287,3287,0.169885573,0.051197417,0.026320088,0.110633493,0.148051031,0.154734301,0.019400668,0.051197417,0.268580012288,3288,0.469624735,0.033116553,0.006479316,0.214328174,0.11726136,0.044154464,0.027388322,0.033116553,0.054530523289,3289,0.227847762,0.051632124,0.021122587,0.140206685,0.156288396,0.127673284,0.023003785,0.051632124,0.200593253290,3290,0.184992809,0.0528215,0.028603929,0.113158005,0.134524009,0.146504063,0.022645234,0.0528215,0.263928952291,3291,0.287718679,0.046772399,0.013612342,0.174005216,0.172777079,0.099652392,0.022702082,0.046772399,0.135987411292,3292,0.143061034,0.047701293,0.023146273,0.102723869,0.169384724,0.169876701,0.014597956,0.047701293,0.281806857293,3293,0.280744307,0.048081051,0.015028801,0.168453814,0.167163258,0.103494524,0.023476907,0.048081051,0.145476287294,3294,0.302630294,0.046083564,0.012984913,0.179005959,0.168762684,0.093938015,0.023456432,0.046083564,0.127054574295,3295,0.106178845,0.04348352,0.024076,0.081293973,0.163703662,0.191194072,0.010984863,0.04348352,0.335601545296,3296,0.151403269,0.049272814,0.025071586,0.10422995,0.157602157,0.164777634,0.016505771,0.049272814,0.281864004297,3297,0.049879638,0.031330021,0.025489942,0.04172207,0.121286707,0.219443055,0.005579822,0.031330021,0.473938724298,3298,0.154703794,0.04960954,0.02519217,0.105596789,0.156467564,0.16297044,0.016956797,0.04960954,0.278893368299,3299,0.406284366,0.038155414,0.008257964,0.207814261,0.141239413,0.059419997,0.025982939,0.038155414,0.074690233300,3300,0.510282183,0.032640706,0.007383709,0.203082287,0.09080739,0.038798907,0.032933321,0.032640706,0.051430791301,3301,0.107171559,0.045669061,0.032276415,0.073894895,0.123740002,0.183306245,0.014177623,0.045669061,0.374095139302,3302,0.451910135,0.031713934,0.005396857,0.2224495,0.135859733,0.044945854,0.023458399,0.031713934,0.052551653303,3303,0.263552791,0.053126271,0.023387337,0.144859926,0.1314345,0.113358972,0.029186435,0.053126271,0.187967498304,3304,0.380255999,0.041272569,0.009986976,0.199304441,0.144506096,0.068064798,0.02667113,0.041272569,0.088665423305,3305,0.276959127,0.052441854,0.021837511,0.150936441,0.132799227,0.108112319,0.029528005,0.052441854,0.174943662306,3306,0.243480257,0.050301392,0.018340644,0.150679613,0.165157386,0.120085576,0.02256816,0.050301392,0.17908558307,3307,0.174251645,0.050790976,0.024395194,0.115259624,0.156626473,0.152984811,0.018845189,0.050790976,0.256055111308,3308,0.252700844,0.050341689,0.018205401,0.153560075,0.161746777,0.116287299,0.023466907,0.050341689,0.17334932309,3309,0.149735149,0.049980813,0.027696108,0.100046618,0.144820909,0.16457918,0.017616107,0.049980813,0.295544303310,3310,0.243213789,0.050223131,0.018230531,0.150846435,0.165924596,0.120138953,0.022447372,0.050223131,0.178752062311,3311,0.532920273,0.028601738,0.00542889,0.210812625,0.090715556,0.032706511,0.029423232,0.028601738,0.040789437312,3312,0.29779318,0.050768879,0.018927822,0.161597756,0.137181205,0.09984964,0.029283798,0.050768879,0.15382884313,3313,0.363962096,0.046871908,0.01531318,0.179090716,0.123178791,0.077411194,0.032701616,0.046871908,0.11459859314,3314,0.313858105,0.052126057,0.022401515,0.155287001,0.115246646,0.095172809,0.034780804,0.052126057,0.159001005315,3315,0.181255594,0.052703638,0.028985261,0.111240744,0.133760281,0.148135098,0.022371082,0.052703638,0.268844663316,3316,0.257079326,0.054407007,0.02741514,0.135494119,0.117830985,0.115586976,0.031620789,0.054407007,0.206158651317,3317,0.207565803,0.046194254,0.014488594,0.146663009,0.208575759,0.132664965,0.015897014,0.046194254,0.181756346318,3318,0.247112682,0.053314925,0.024101822,0.139643919,0.134620778,0.119894638,0.027664879,0.053314925,0.200331432319,3319,0.266003883,0.049160456,0.016403031,0.161334044,0.166087801,0.110016755,0.023282197,0.049160456,0.158551376320,3320,0.219004628,0.052152282,0.022667221,0.13449497,0.151669908,0.131776765,0.023092129,0.052152282,0.212989814321,3321,0.41015245,0.038084479,0.008291427,0.207679313,0.138728318,0.058639378,0.026369992,0.038084479,0.073970163322,3322,0.136999169,0.049061988,0.029112683,0.092380468,0.139310244,0.170480637,0.016689856,0.049061988,0.316902966323,3323,0.35771173,0.044883396,0.012711244,0.187438363,0.140106923,0.077119339,0.028542438,0.044883396,0.10660317324,3324,0.380747503,0.04456853,0.013134573,0.187186531,0.125700685,0.071344109,0.031499784,0.04456853,0.101249755325,3325,0.407330857,0.041504798,0.01095626,0.195845219,0.123643133,0.062783724,0.030789294,0.041504798,0.085641917326,3326,0.171048846,0.052874796,0.033403552,0.101453616,0.118573728,0.150566006,0.023420545,0.052874796,0.295784115327,3327,0.20529728,0.05033189,0.020108336,0.134557669,0.170644131,0.137545149,0.019708259,0.05033189,0.211475395328,3328,0.298203546,0.052983779,0.023858491,0.149924422,0.115938086,0.100617178,0.034137605,0.052983779,0.171353113329,3329,0.246179155,0.046868473,0.014049364,0.161625668,0.192284641,0.115573706,0.019137128,0.046868473,0.157413391330,3330,0.141499707,0.050348895,0.033515951,0.089402046,0.121058384,0.164808895,0.0193078,0.050348895,0.329709427331,3331,0.271801302,0.050457183,0.018193173,0.158322483,0.152965998,0.10890176,0.025582104,0.050457183,0.163318813332,3332,0.313270575,0.045147336,0.012183554,0.183535914,0.168252982,0.089571587,0.023531169,0.045147336,0.119359547333,3333,0.196997588,0.051133814,0.022286944,0.127593349,0.161253006,0.141873932,0.020230405,0.051133814,0.227497148334,3334,0.538961286,0.024622967,0.003626729,0.22341465,0.100026796,0.028329927,0.023963429,0.024622967,0.032431249335,3335,0.205811659,0.053599778,0.027908475,0.1212781,0.132095167,0.13707384,0.024986566,0.053599778,0.243646638336,3336,0.471822712,0.035345511,0.008032967,0.205376235,0.106394079,0.046123076,0.031133788,0.035345511,0.060426121337,3337,0.286899563,0.049683285,0.017091203,0.164305219,0.151809375,0.102795558,0.026201818,0.049683285,0.151530694338,3338,0.175210626,0.046415113,0.016663776,0.128234256,0.205023604,0.150683958,0.014355854,0.046415113,0.2169977339,3339,0.098299404,0.044427955,0.034832016,0.06679315,0.111801966,0.184494153,0.013925914,0.044427955,0.400997487340,3340,0.268059802,0.046151768,0.013066012,0.170683294,0.187681237,0.106009492,0.020260647,0.046151768,0.14193598341,3341,0.492897971,0.03479556,0.008403755,0.200475958,0.093923383,0.042853237,0.033837909,0.03479556,0.058016666342,3342,0.473141458,0.033015018,0.006501727,0.213816248,0.115160837,0.04359736,0.027717189,0.033015018,0.054035146343,3343,0.325962036,0.047666351,0.015046338,0.176495621,0.143549732,0.088425444,0.028222242,0.047666351,0.126965885344,3344,0.264280356,0.04854739,0.015654338,0.162778606,0.171658934,0.110094628,0.022400878,0.04854739,0.15603748345,3345,0.199346481,0.051030621,0.02186080