Prob00 = 8.36722124608e-05
Prob01 = 0.000302405838254
Prob02 = 0.00054647348457
Prob03 = 0.00065834987636
Prob04 = 0.000594847561604
Prob05 = 0.000429976380951
Prob06 = 0.000259001493421
Prob07 = 0.000133725166377
Prob08 = 6.04132331459e-05
Prob09 = 2.42604296428e-05
Prob10 = 0.000483159398993
Prob11 = 0.00174622158021
Prob12 = 0.00315557330928
Prob13 = 0.0038015957895
Prob14 = 0.00343490606862
Prob15 = 0.00248286884847
Prob16 = 0.00149558619545
Prob17 = 0.000772186716672
Prob18 = 0.000348852032945
Prob19 = 0.000140090171644
Prob20 = 0.00139498525239
Prob21 = 0.00504171781998
Prob22 = 0.00911081982149
Prob23 = 0.0109760258684
Prob24 = 0.00991731366306
Prob25 = 0.00716857714958
Prob26 = 0.00431807947994
Prob27 = 0.002229469372
Prob28 = 0.0010072109582
Prob29 = 0.000404470499499
Prob30 = 0.00268508192594
Prob31 = 0.00970435018647
Prob32 = 0.0175365994668
Prob33 = 0.0211267672023
Prob34 = 0.0190889470875
Prob35 = 0.0137981508451
Prob36 = 0.00831148368525
Prob37 = 0.00429130552094
Prob38 = 0.00193868998605
Prob39 = 0.000778528967188
Prob40 = 0.00387620492942
Prob41 = 0.0140092746021
Prob42 = 0.0253159699306
Prob43 = 0.0304987636992
Prob44 = 0.0275569509008
Prob45 = 0.0199191167338
Prob46 = 0.0119985218031
Prob47 = 0.0061949616707
Prob48 = 0.00279870778166
Prob49 = 0.00112389040765
Prob50 = 0.00447657541014
Prob51 = 0.0161791172911
Prob52 = 0.0292370631943
Prob53 = 0.0352225999661
Prob54 = 0.0318251410922
Prob55 = 0.0230043121521
Prob56 = 0.0138569267208
Prob57 = 0.00715447546938
Prob58 = 0.00323218887125
Prob59 = 0.00129796547246
Prob60 = 0.00430827913891
Prob61 = 0.0155708654776
Prob62 = 0.0281378996001
Prob63 = 0.0338984108943
Prob64 = 0.0306286790455
Prob65 = 0.0221394680241
Prob66 = 0.0133359773602
Prob67 = 0.00688550389317
Prob68 = 0.00311067515036
Prob69 = 0.00124916862907
Prob70 = 0.00355397995213
Prob71 = 0.0128446978388
Prob72 = 0.0232114790731
Prob73 = 0.0279634324617
Prob74 = 0.0252661695722
Prob75 = 0.0182632607988
Prob76 = 0.0110010968769
Prob77 = 0.00567998080152
Prob78 = 0.00256605404745
Prob79 = 0.00103046254001
Prob80 = 0.002565276403
Prob81 = 0.00927135231863
Prob82 = 0.0167541348986
Prob83 = 0.0201841131372
Prob84 = 0.0182372184061
Prob85 = 0.0131824919105
Prob86 = 0.00794063405131
Prob87 = 0.00409983199565
Prob88 = 0.00185218768406
Prob89 = 0.000743791825972
Prob90 = 0.00164589011317
Prob91 = 0.00594853135478
Prob92 = 0.0107495102485
Prob93 = 0.0129501960165
Prob94 = 0.0117010616989
Prob95 = 0.00845793189267
Prob96 = 0.00509473796353
Prob97 = 0.00263046622944
Prob98 = 0.0011883699524
Prob99 = 0.00047721937924
